vec4 queryNetwork(vec3 p){
    vec4 PE_0 = vec4(p.x,p.y,p.z,sin(1.00*p.x));
    vec4 PE_1 = vec4(sin(1.00*p.y),sin(1.00*p.z),cos(1.00*p.x),cos(1.00*p.y));
    vec4 PE_2 = vec4(cos(1.00*p.z),sin(2.00*p.x),sin(2.00*p.y),sin(2.00*p.z));
    vec4 PE_3 = vec4(cos(2.00*p.x),cos(2.00*p.y),cos(2.00*p.z),sin(4.00*p.x));
    vec4 PE_4 = vec4(sin(4.00*p.y),sin(4.00*p.z),cos(4.00*p.x),cos(4.00*p.y));
    vec4 PE_5 = vec4(cos(4.00*p.z),sin(8.00*p.x),sin(8.00*p.y),sin(8.00*p.z));
    vec4 PE_6 = vec4(cos(8.00*p.x),cos(8.00*p.y),cos(8.00*p.z),sin(16.00*p.x));
    vec4 PE_7 = vec4(sin(16.00*p.y),sin(16.00*p.z),cos(16.00*p.x),cos(16.00*p.y));
    vec4 PE_8 = vec4(cos(16.00*p.z),sin(32.00*p.x),sin(32.00*p.y),sin(32.00*p.z));
    vec4 PE_9 = vec4(cos(32.00*p.x),cos(32.00*p.y),cos(32.00*p.z),0.0);
    
    vec4 f0_0 = relu(
    mat4(-.08,.95,.94,.48,.18,.91,.05,-.58,-.08,.11,.24,.44,-.13,.30,.50,.27) * PE_0 +
    mat4(.28,.33,-.04,-.14,-.18,-.08,.38,.47,.02,-.30,-.27,-.22,.16,-1.00,.10,-.41) * PE_1 +
    mat4(-.12,-.38,.05,-.21,-.19,.11,-.05,-.37,.03,-.07,.02,.57,-.17,-.05,.44,.27) * PE_2 +
    mat4(.14,-.26,-.69,-.31,.73,-.05,-.29,-1.11,-.02,-.57,-.21,-.57,-.28,.23,-.93,-.24) * PE_3 +
    mat4(-.41,.31,.09,.49,.23,-.23,.51,.30,.42,.75,-.66,.39,-.04,-.15,.29,.18) * PE_4 +
    mat4(-.66,-.43,-.18,.10,-.40,.55,.24,.09,.57,.18,-.41,1.22,-.27,-.38,-.43,-.69) * PE_5 +
    mat4(-.60,-.25,.77,-.39,.09,-.26,.11,-.28,.20,-.07,-.74,-.70,.06,-.67,.09,-.08) * PE_6 +
    mat4(.10,.16,-.10,-.14,-.12,.43,.34,-.23,-.36,.07,.72,-.21,.11,-.41,-.28,-.24) * PE_7 +
    mat4(.04,.17,.42,.01,.11,-.03,-.16,.04,.22,.07,-.08,-.23,.54,.06,-.35,.09) * PE_8 +
    mat4(.22,-.00,.01,-.11,.21,.01,-.17,.24,-.06,-.14,.10,-.14,.00,.00,.00,.00) * PE_9 + vec4(.05,-.37,.05,-.03));
    vec4 f0_1 = relu(
    mat4(.17,-.28,.05,-.03,-.55,-.57,-.29,.09,.56,.21,.04,.20,.11,-.13,-.27,.11) * PE_0 +
    mat4(-.37,-.31,-.35,.19,.51,-.06,-.10,.13,-.10,-.13,-.47,-.18,.06,-.37,-.27,.12) * PE_1 +
    mat4(-.26,-.22,-.42,-.14,.18,-.15,-.16,.06,.14,.19,-.34,.23,.10,.15,.02,-.60) * PE_2 +
    mat4(-.34,-.02,-.05,-.52,.03,-.49,.06,.32,-.81,-.31,-.84,-.34,-.00,-.16,-.21,-.08) * PE_3 +
    mat4(1.24,.64,-.48,.71,.11,-.24,-.29,-1.10,-.25,-.02,.10,.10,-.03,1.74,.25,.27) * PE_4 +
    mat4(.43,-.55,-.12,.38,-.15,.14,.39,.46,-.34,.68,.31,-.18,1.15,-.66,.88,-.51) * PE_5 +
    mat4(.34,.14,-.07,.44,.60,-.42,-.73,.10,-.02,.54,.83,.48,.15,-.16,-.31,.31) * PE_6 +
    mat4(.47,.02,.40,-.17,-.15,-.35,.02,-.18,-.46,.03,.64,-.66,-.01,.55,.11,.19) * PE_7 +
    mat4(.39,-.35,.48,-.74,-.11,-.03,-.09,-.23,-.10,.02,.52,-.01,-.06,.09,-.45,.32) * PE_8 +
    mat4(.04,.02,.01,-.45,.10,.09,-.60,.00,.05,.14,.01,-.06,.00,.00,.00,.00) * PE_9 + vec4(.02,-.09,-.37,-.06));
    vec4 f0_2 = relu(
    mat4(-1.14,.97,-.04,-.12,-.48,-.12,-.10,.61,.20,-.06,-.09,-.33,-.69,.60,-.09,.12) * PE_0 +
    mat4(-.05,-.06,-.19,.43,.02,.16,-.26,-.24,-.02,-.56,-.11,-.35,-.53,.01,.07,-.67) * PE_1 +
    mat4(.09,-.28,-.01,-.47,-.07,.31,-.13,.32,.37,-.01,-.19,.11,-.02,-.11,.15,-.22) * PE_2 +
    mat4(-.41,-.83,-.14,-.43,-1.12,.67,.41,.11,-.09,-.23,-.21,-.25,.67,-.06,.03,.10) * PE_3 +
    mat4(.24,-.13,-.58,.58,-.82,.28,.49,.29,-.14,.12,.13,-.39,-.03,-.36,-.12,.06) * PE_4 +
    mat4(.35,.90,-.26,-.08,-.07,.12,.14,-.27,.36,.59,.29,-.66,.41,.31,-.59,.14) * PE_5 +
    mat4(.33,.01,.08,-.68,-.45,.30,.55,-.14,.35,-.42,.48,-1.04,.06,.34,.19,-.12) * PE_6 +
    mat4(-.24,.17,.51,.31,-1.12,-.37,-.08,-.04,.17,.13,-.34,-.91,-.05,.26,-.06,-.07) * PE_7 +
    mat4(.27,.22,-.15,-.09,-.06,-.70,-.19,.06,-.14,-.03,.13,.17,.06,.13,-.11,-.36) * PE_8 +
    mat4(.11,-.30,.21,.63,.29,.06,.01,-.18,-.02,-.38,-.26,.14,.00,.00,.00,.00) * PE_9 + vec4(.30,-.11,-.08,-.25));
    vec4 f0_3 = relu(
    mat4(-.23,-.13,.92,-.17,.18,-.02,-.24,-.05,-.25,-1.26,-.59,-.41,.02,-.12,.62,-.18) * PE_0 +
    mat4(.39,-.17,-.03,-.02,-.55,-1.15,-.38,-.51,-.27,-.42,-.68,-.48,-.55,-.30,-.07,-.05) * PE_1 +
    mat4(-.26,-.07,-.32,-.28,.06,-.29,.46,-.07,.25,-.33,.02,-.10,-.34,-1.28,-.39,-.14) * PE_2 +
    mat4(-.32,-.19,-1.13,-.83,-.26,-.38,.31,.74,-.45,-.22,-.28,-.35,-.08,.34,-.12,.09) * PE_3 +
    mat4(.34,-.48,.25,.05,-.06,-.82,.26,-.04,-.22,.35,-.53,-1.07,-.28,.85,.03,-.51) * PE_4 +
    mat4(-.74,-.47,-.06,-.39,-.06,-.16,.19,-.24,-.77,-.52,.29,.09,-.40,.37,1.04,.07) * PE_5 +
    mat4(1.23,-.07,.65,-.84,-.09,-.01,.03,.12,.01,-.61,.16,.28,.13,.03,-1.18,-.00) * PE_6 +
    mat4(.24,-.61,.03,.05,.00,-1.76,-.46,-.35,-.35,.56,.67,-1.20,.30,-.30,-.07,.15) * PE_7 +
    mat4(-1.56,.95,.70,-.66,.02,.16,.43,.11,.05,.08,.03,-.10,-.28,.57,.49,-.64) * PE_8 +
    mat4(-.37,-.05,-.16,.44,-.11,.12,.09,.17,-.72,.62,.90,-.99,.00,.00,.00,.00) * PE_9 + vec4(-.36,-.32,-.36,-.21));
    vec4 f0_4 = relu(
    mat4(.11,.54,.59,.36,-.02,.49,.17,.59,.35,.07,-.31,.39,.07,.45,.31,.32) * PE_0 +
    mat4(.09,.24,.09,.44,.34,.21,-.37,.47,-.22,-.15,-.53,-.10,-.44,.04,-.21,-.60) * PE_1 +
    mat4(-.49,-.21,-.33,.08,-.15,-.07,-.23,-.13,.15,.16,-.02,-.08,.18,.34,-.28,.07) * PE_2 +
    mat4(-.12,-.66,-.58,.11,-.36,-.05,.64,-1.78,-1.56,.01,-.09,-.83,-.23,-.30,-.11,-.22) * PE_3 +
    mat4(.52,-.79,.73,.37,-.29,1.05,-.10,-.55,.17,-.65,1.56,.17,.19,.01,.30,.72) * PE_4 +
    mat4(-.11,-.43,-.07,-.28,.19,.31,-.11,-.11,-.79,.08,-.08,-.75,.36,.18,-.14,.58) * PE_5 +
    mat4(.26,-.49,-.55,-.48,1.30,-.87,-.43,.73,.21,.53,.89,.47,-.10,.02,-.27,-.03) * PE_6 +
    mat4(.10,.00,-.23,.18,1.03,.35,.63,.26,-.41,.43,.39,-.29,-.12,.30,-.11,.51) * PE_7 +
    mat4(-.51,.31,.06,-.01,.02,.05,-.02,.15,-.21,.28,-.06,.02,.13,.13,.06,.04) * PE_8 +
    mat4(-.02,.21,-.31,-.31,.10,-.14,.17,-.03,.45,.18,-.02,-.14,.00,.00,.00,.00) * PE_9 + vec4(-.04,-.17,-.22,.15));
    vec4 f0_5 = relu(
    mat4(-.05,-.58,-.16,-.26,.25,-.94,-.59,-.51,-.72,-.67,-.12,-.33,-.01,-.24,-.16,-.23) * PE_0 +
    mat4(.41,-.47,-.29,-.27,-.93,-.62,-.25,-.06,-.12,-.25,-.44,-.50,-.40,-.83,-.54,-.09) * PE_1 +
    mat4(-.13,-.42,-.20,-.04,.17,-.03,-.11,-.12,.34,-.22,.03,-.17,-.64,-.54,.08,-.29) * PE_2 +
    mat4(-.18,-.00,-.29,-.63,-.11,-.10,-.71,.53,.21,-.09,-.12,-.60,.32,-.04,.38,.17) * PE_3 +
    mat4(.60,-.69,-.57,-.41,.17,.14,1.37,-.41,.69,1.08,.10,-.41,.54,-.42,-.40,.94) * PE_4 +
    mat4(.18,.64,.00,-.73,.02,.13,-.50,.28,.35,-.02,.42,.23,1.00,.11,-.17,.19) * PE_5 +
    mat4(.13,-.65,-.23,1.13,.44,-.09,-.02,-.29,.12,.63,-.59,.56,.73,.02,.15,-.02) * PE_6 +
    mat4(.08,.21,-.13,-.31,-.26,.35,.98,-.03,-.47,-.07,.52,-1.11,.26,.11,.26,.04) * PE_7 +
    mat4(.65,-.39,-.52,-.65,.07,.16,.14,.01,.13,-.13,.02,.02,.37,-.04,.15,-.45) * PE_8 +
    mat4(-.02,.22,.02,.22,.21,.21,.09,.12,.42,.22,.48,.23,.00,.00,.00,.00) * PE_9 + vec4(.08,-.42,-.15,-.31));
    vec4 f0_6 = relu(
    mat4(-.30,-.72,-.87,-.15,.12,.86,.79,.07,-.04,-.54,-.26,-.19,-.17,-.58,-.85,-.20) * PE_0 +
    mat4(.32,.78,.56,.02,.23,-.39,-.18,-.01,-.22,-.16,-.23,.30,-.09,-.37,-.38,.38) * PE_1 +
    mat4(-.12,-.30,-.27,.24,.06,-.32,-.55,.05,.14,.31,.21,.04,.15,-.25,-.05,-.19) * PE_2 +
    mat4(-.67,-.22,-.52,.50,.59,-.05,-.17,.12,-.29,.04,-.09,.32,.09,-.12,-.48,.04) * PE_3 +
    mat4(-.07,.43,-.64,-.02,-.12,-.11,.40,-.53,-1.15,.48,-.20,.54,-.73,-.07,.44,-.37) * PE_4 +
    mat4(-.62,.27,-.51,-.40,.02,-.36,-.07,.03,-.27,-.45,.62,-.04,.70,.02,-.71,.07) * PE_5 +
    mat4(1.00,.33,-.58,-.60,-.11,.39,-.31,.08,-.89,.30,.16,.24,-.22,.45,.36,-.17) * PE_6 +
    mat4(.32,.23,-.06,.19,.13,.56,-.54,.02,.78,.54,-.05,.54,.40,.38,.17,.41) * PE_7 +
    mat4(.73,.78,.12,-.31,.18,-.15,-.00,.11,-.15,.04,-.15,-.03,-.29,-.29,.31,.15) * PE_8 +
    mat4(-.32,-.20,.03,-.12,.06,.00,.20,.16,-.10,-.02,.03,-.18,.00,.00,.00,.00) * PE_9 + vec4(.07,-.19,-.21,.17));
    vec4 f0_7 = relu(
    mat4(-.04,-.35,-.65,.21,-.33,-.21,-.35,.50,.02,-.95,.65,-.52,-.01,-.51,-.62,.15) * PE_0 +
    mat4(-.29,-.08,-.01,.49,.08,-.82,.52,-.76,-.26,-.04,-.28,-.21,-.44,-.19,-.02,-.41) * PE_1 +
    mat4(-.33,.06,-.25,-.28,-.25,-.53,-.27,-.06,-.19,-.26,.03,.07,.15,-1.05,.22,-.56) * PE_2 +
    mat4(-.32,.02,-.44,-.22,.27,-.43,.37,-.18,-.51,.08,-1.00,-.14,-.17,.42,.37,-.44) * PE_3 +
    mat4(-.23,-.45,.04,.21,.22,-.50,-.62,-.58,.39,-.72,-.64,.77,-.82,-.22,.77,-.08) * PE_4 +
    mat4(-.87,-.75,.51,.46,.21,.55,-.03,.21,.99,-.43,-.09,-.60,-.13,.33,.03,-.78) * PE_5 +
    mat4(-.44,-.15,-.44,-.71,.45,-.27,-.48,.22,.51,-.85,-.13,.37,-.21,.27,.01,-.12) * PE_6 +
    mat4(-.61,-.21,.41,.00,.12,.34,-1.15,-.60,.30,-.01,-.14,-.29,-.11,-.03,.45,.04) * PE_7 +
    mat4(-.43,.83,-.51,-.82,-.06,.13,-.03,.00,.25,-.11,-.14,-.14,.10,.27,-.16,.27) * PE_8 +
    mat4(-.02,.02,.14,-.15,-.00,-.14,-.66,-.08,.14,-.18,-.09,.66,.00,.00,.00,.00) * PE_9 + vec4(-.23,-.05,-.12,-.11));
    vec4 f0_8 = relu(
    mat4(-.30,-.80,-.13,-.21,-.62,.38,-.80,.64,-.05,.03,-.16,.41,-.50,-.62,.05,-.04) * PE_0 +
    mat4(-.32,.64,-.57,.49,.18,.14,-.10,.42,-.64,-.39,-.20,-.40,-.07,-.23,-.29,-.19) * PE_1 +
    mat4(-.01,-.17,.04,-.12,-.57,-.32,-.05,-.22,.17,.17,.06,.45,.16,-.02,-.08,.34) * PE_2 +
    mat4(-1.15,-.31,-.58,-.70,1.11,-.32,-.23,.43,-.07,-.15,.50,-.62,.19,.13,-.10,-.12) * PE_3 +
    mat4(-.55,.02,-.17,.77,.34,.78,1.29,.01,-.60,-.42,-.06,-1.41,-.26,.90,.19,.74) * PE_4 +
    mat4(.07,-.00,.81,-.12,-.06,.15,-.00,.08,.11,-.06,1.06,-.05,.16,.05,.05,.18) * PE_5 +
    mat4(-.15,1.01,-.37,-1.19,-.53,-.20,.15,.14,-.17,.83,.02,.91,.30,-.19,-.04,-.21) * PE_6 +
    mat4(-.17,-.30,-.30,-.12,.10,.91,.41,.17,-.31,-.00,-.06,.04,.01,-.60,-.16,.10) * PE_7 +
    mat4(.86,-1.02,.11,-.45,.02,.13,-.03,-.01,.02,.37,.09,.06,-.30,.32,.07,.23) * PE_8 +
    mat4(-.01,.04,-.09,.23,.12,-.11,.06,.13,-.22,-.07,.23,-.37,.00,.00,.00,.00) * PE_9 + vec4(-.23,-.17,.05,-.06));
    vec4 f0_9 = relu(
    mat4(.30,-.05,.23,-.43,.01,.20,-.00,-.83,.18,-.41,-.56,-.31,.07,-.27,.41,-.36) * PE_0 +
    mat4(-.17,.32,.02,-.13,.00,-.30,-.71,-.10,-.24,-.35,-.06,-.39,-.15,.00,-.93,-.22) * PE_1 +
    mat4(-.14,-.02,-.07,.15,-.08,-.40,-.05,-.24,-.41,.52,-.26,.72,-.40,-.08,-.62,-.22) * PE_2 +
    mat4(-.18,-.11,-.19,-1.18,-.76,.22,-1.36,.72,-.13,.24,-.16,-.24,-.19,-.55,-.30,.14) * PE_3 +
    mat4(-.87,-.26,.59,-.78,.19,.87,-.23,-.30,-.26,.31,.43,-.51,-.50,-.26,1.25,-.13) * PE_4 +
    mat4(1.28,-.02,-.45,-.22,-.14,.17,.17,.34,.07,-.61,.44,-.08,.48,.15,1.20,.45) * PE_5 +
    mat4(.54,1.31,-.24,.12,.61,-.10,-.71,.56,-.20,-.41,.01,-.47,-.04,.26,-.04,.08) * PE_6 +
    mat4(-.39,-.27,-.31,-.05,-.74,.03,-.97,-.44,-.02,-.30,.08,.20,-.27,.08,.70,.24) * PE_7 +
    mat4(.32,-.23,.10,.29,.11,-.21,.06,.50,-.06,-.10,-.05,-.17,.79,.16,-.18,.11) * PE_8 +
    mat4(.08,-.54,-.01,-.48,.07,-.19,.87,-.13,-.24,-.21,.20,-.04,.00,.00,.00,.00) * PE_9 + vec4(-.19,-.21,-.18,.28));
    vec4 f0_10 = relu(
    mat4(-.03,.11,-.56,-1.19,.47,-.07,-.77,1.33,-.48,-.41,-.19,.23,-.33,-.06,-.37,-.33) * PE_0 +
    mat4(.19,-.05,-.15,.66,-.52,-.28,-.02,.22,-.19,-.23,-.23,-.19,-.28,-.38,-.46,-.57) * PE_1 +
    mat4(-.18,-.12,-.15,-.25,-.38,-.23,.08,.09,.13,-.11,.31,-.64,-.25,-.27,-.03,.28) * PE_2 +
    mat4(-.25,.11,-.01,-.37,.37,-1.39,-.72,-.31,.13,.08,-.87,-1.10,-.34,-.05,.41,.53) * PE_3 +
    mat4(.06,-.62,-.35,-.52,-.00,.02,.12,-.79,.63,.53,.22,.28,.81,.82,1.54,.93) * PE_4 +
    mat4(.36,-.83,-.78,-.14,-.66,.09,-.20,-.12,.01,.31,.65,-.53,.41,-.77,-.40,-.18) * PE_5 +
    mat4(-.29,-.11,.93,.67,.51,.18,-.57,-.10,.50,-.30,.19,-.49,-.60,.06,.02,.11) * PE_6 +
    mat4(.37,.60,-.35,.77,.03,-.14,-.28,-.11,.30,.01,-.46,.09,-.02,-.21,-.18,-.21) * PE_7 +
    mat4(-.03,-.50,-.00,.23,.58,.09,.12,-.15,-.08,.08,-.08,.38,-.08,-.15,.38,-.08) * PE_8 +
    mat4(.24,-.14,.11,-.26,-.17,.42,-.29,.10,-.13,.43,-.33,-.06,.00,.00,.00,.00) * PE_9 + vec4(-.10,-.10,-.16,.01));
    vec4 f0_11 = relu(
    mat4(-.15,.08,.16,-.21,.20,.30,-.09,.35,-.42,-.33,-.05,-.34,-.17,-.10,-.18,.02) * PE_0 +
    mat4(.32,.45,.04,.31,-.32,-.52,.21,-.13,-.27,-.20,-.30,-.21,-.07,.05,-.42,-.46) * PE_1 +
    mat4(-.20,.00,-.10,-.32,.20,-.21,-.17,.03,.32,.62,.30,.23,-.32,-.40,.21,.08) * PE_2 +
    mat4(-.27,-.05,-.33,-.48,.15,-.04,-.83,-1.11,-.11,-.01,-.09,-.36,-.13,-.33,.01,.10) * PE_3 +
    mat4(1.21,.33,-.17,-.01,-.52,.44,.79,.31,.94,-.05,-.67,.04,.42,-.22,-.50,.07) * PE_4 +
    mat4(.21,.15,-.17,.24,.28,.50,-.12,.21,-.65,-.01,.27,-.18,-.55,.26,.92,1.14) * PE_5 +
    mat4(-1.04,1.26,.01,1.07,.65,-.10,-.06,.17,.27,.15,-.50,-.25,-.05,-.21,-.10,.37) * PE_6 +
    mat4(.03,.86,-.27,-.28,-.57,.06,.14,-.16,.13,.16,.13,-1.16,.01,-.36,.42,-.76) * PE_7 +
    mat4(.39,-.48,-.18,.18,.14,-.02,.05,.16,.14,.57,.41,-.27,.43,.08,-.48,-.26) * PE_8 +
    mat4(.36,.16,.40,.16,-.16,-.31,-.14,-.14,-.12,-.17,-.80,-.34,.00,.00,.00,.00) * PE_9 + vec4(-.19,.03,.16,-.39));
    vec4 f0_12 = relu(
    mat4(-.13,.25,.09,-.21,-.95,.57,.19,-.17,-.37,-.20,-.34,-.10,-.20,.03,.09,-.06) * PE_0 +
    mat4(.30,.61,.18,-.17,-.46,.07,-.31,-.07,-.46,-.30,-.02,-.26,-.61,-.13,.22,-.23) * PE_1 +
    mat4(-.48,.03,.16,-.35,.08,.09,-.15,.15,1.22,-.03,.29,-.07,-.20,.08,-.36,.28) * PE_2 +
    mat4(-.24,-.28,-.07,-.46,.19,-.50,.43,.23,-.90,-.23,.13,-.52,.41,-.06,-.24,.21) * PE_3 +
    mat4(.39,-.25,-.38,-.24,-.19,.19,.24,.20,.23,-.21,.09,-1.29,.65,1.44,.74,-.67) * PE_4 +
    mat4(-.87,-.18,.39,-.57,.35,-.26,.10,.16,-.64,-.08,-.64,.31,-.00,.95,.59,.21) * PE_5 +
    mat4(.28,.60,.13,-.50,.08,-.71,-.43,-.07,.09,.13,-.16,.38,-.89,.17,-.39,-.10) * PE_6 +
    mat4(-.92,.53,.28,-.07,.32,-.09,.32,.14,.86,-.14,-.61,-1.19,.71,.27,-.19,.34) * PE_7 +
    mat4(-.38,-.26,.09,-.33,.38,.30,.18,.00,.27,.22,.10,.06,-.20,-.32,-.10,-.09) * PE_8 +
    mat4(.34,.03,.37,-1.15,-.02,.37,-.07,-.28,.13,-.20,.11,.01,.00,.00,.00,.00) * PE_9 + vec4(-.21,.04,-.10,-.13));
    vec4 f0_13 = relu(
    mat4(-.12,.85,-.13,-.37,-.19,-.50,-.12,-.04,-.38,-.26,-.97,.37,.06,.43,-.02,-.20) * PE_0 +
    mat4(-.27,-.28,.00,.10,-.28,-.19,-1.00,.32,-.11,-.38,-.17,-.38,-.08,-.15,-.29,-.35) * PE_1 +
    mat4(-.05,-.14,-.14,-.31,.02,.28,-.33,-.09,-.34,-.31,.40,.48,-.32,-.14,-.71,.29) * PE_2 +
    mat4(.24,-.57,-.14,-.38,-.88,.21,.31,-.26,-.14,.31,-.05,-1.16,.07,-.21,.18,.32) * PE_3 +
    mat4(-.78,-.54,.89,.79,-.57,.41,-.08,.90,.22,-.69,.04,-.41,-.04,.12,.82,-.29) * PE_4 +
    mat4(-.76,.53,.22,-.55,-.44,-.42,-.25,-.11,.75,-.53,.10,-.12,.04,.35,1.03,-.42) * PE_5 +
    mat4(-.57,-1.06,.67,-1.04,-.28,-.65,-.60,.22,-.31,.16,-.41,-.60,.19,.30,-.26,.08) * PE_6 +
    mat4(.08,-.18,-.75,-.58,.55,-.23,-.33,.85,.26,-.07,-.19,-.36,-.52,.11,.01,-.80) * PE_7 +
    mat4(.61,-.16,-.04,.64,.12,-.08,-.19,.06,.07,-.04,-.14,-.37,-.37,-.23,-.30,-.18) * PE_8 +
    mat4(-.23,.11,-.37,-.25,.00,.25,.28,-.09,.11,-.12,.72,.22,.00,.00,.00,.00) * PE_9 + vec4(-.10,.10,-.08,-.24));
    vec4 f0_14 = relu(
    mat4(-.69,.39,.32,.57,-.57,-.12,.00,.44,.32,-.14,.35,.36,-.42,.05,.23,.52) * PE_0 +
    mat4(-.16,.12,-.06,.45,.55,-.12,.17,.43,-.49,.04,.12,-.35,-.16,-.08,.24,-.35) * PE_1 +
    mat4(-.12,.15,-.01,-.37,-.23,-.10,.34,.28,-.05,.11,.16,.48,.23,.03,.19,.46) * PE_2 +
    mat4(-.69,-.86,.24,-.33,.53,.11,.53,-.53,-.58,.12,-.07,-.64,.16,-.64,.34,.49) * PE_3 +
    mat4(.57,-.05,1.41,.66,.25,.87,.12,.41,-.05,-2.44,.31,-1.08,.35,-.05,-.45,.93) * PE_4 +
    mat4(-.31,-.72,-.65,-.51,.19,-.01,-.46,-.57,-.02,.09,-.06,.36,-.24,.65,.73,.34) * PE_5 +
    mat4(1.20,.59,.69,-1.44,.70,.03,.24,.51,-.22,.07,.37,.41,-.10,-.33,.19,.65) * PE_6 +
    mat4(.02,.00,.17,.23,.51,-.42,-.17,-.47,-.27,.44,-.11,-.29,-.07,-.06,.16,-.02) * PE_7 +
    mat4(-.31,.03,-.10,-.31,-.01,-.20,.15,.19,-.10,-.01,.03,.01,.06,-.04,-.09,-.24) * PE_8 +
    mat4(.45,-.30,.12,.02,-.21,.01,.07,-.07,.17,.28,-.02,-.07,.00,.00,.00,.00) * PE_9 + vec4(-.26,.23,-.03,-.23));
    vec4 f0_15 = relu(
    mat4(.15,-.21,-.11,.39,.02,.85,.21,.23,-.27,.58,-.74,-.16,-.16,-.14,-.01,.34) * PE_0 +
    mat4(.04,.56,-.09,.28,-.32,.39,-.83,.03,-.38,-.36,-.30,-.32,-.21,-.17,.15,-.14) * PE_1 +
    mat4(-.23,-.34,-.10,-.26,-.16,.09,-.12,.16,.17,.04,-.04,.29,-.10,.13,-.90,-.05) * PE_2 +
    mat4(-.35,-.35,-.03,-.82,.37,-.57,.26,.56,-.54,-1.54,-.11,-.53,-.27,.39,-.33,-.52) * PE_3 +
    mat4(.80,-.47,.53,.87,-.48,-.38,-.67,.31,-.37,-.03,.02,-.86,1.02,.11,.07,.21) * PE_4 +
    mat4(-.69,-.07,-.48,-.46,-.19,-.15,-.63,.13,.13,-.14,.53,-.36,.05,.80,.38,.50) * PE_5 +
    mat4(-.46,-.40,-.94,.85,-.16,-.87,.29,-.23,.12,.38,.19,-.31,1.00,-.08,.06,.15) * PE_6 +
    mat4(-.20,.89,-.15,.20,.07,-.32,.11,.10,.62,-.16,-.50,-.56,-.16,.62,-.04,-.27) * PE_7 +
    mat4(-.73,.65,.47,1.54,-.57,.12,-.39,.18,-.00,-.35,-.26,.19,-.39,-.03,.42,-.42) * PE_8 +
    mat4(.13,.15,.11,-.57,-.16,.20,-.10,-.34,.38,.19,.00,-.31,.00,.00,.00,.00) * PE_9 + vec4(-.14,-.10,-.25,-.17));
    
    vec4 f1_0 = relu(
    mat4(.34,-.54,.28,.52,-1.05,.49,-.15,.16,-2.03,-.42,-.46,-1.71,-.63,-.02,-.40,-.91) * f0_0 +
    mat4(-1.52,.54,-.42,-.02,-1.66,-.29,-.47,-1.36,.47,-.10,.15,-.32,-1.59,-.27,-.24,.37) * f0_1 +
    mat4(-.04,-.38,.09,-1.26,-.52,.93,-.05,-.43,.32,.17,.02,.49,-.02,.39,.20,-1.08) * f0_2 +
    mat4(1.21,.26,.60,.21,1.29,-.63,.47,-.43,2.06,-.28,.51,.61,-.25,.36,.03,-.19) * f0_3 +
    mat4(-1.18,-.35,-.49,-.18,-.72,.47,-.38,-.62,-.25,-.64,.35,-.93,-1.27,-.63,-.38,.44) * f0_4 +
    mat4(.57,-.76,.43,.96,-1.69,-.33,-.64,-.84,-.97,.85,-.20,-.00,.42,.18,.70,.63) * f0_5 +
    mat4(.20,.49,-.26,-2.26,-.32,.07,-.31,-.67,-.10,.03,-.22,-.05,.25,-.22,.26,-.33) * f0_6 +
    mat4(.27,-.09,.30,.85,-.05,-.01,.32,-1.35,-1.38,.11,-.21,-.48,-.08,-.33,-.32,-.30) * f0_7 +
    mat4(-.91,-.51,-.63,-.20,-.49,.03,-.24,.42,-.10,-.09,-.44,-.38,-.47,-.62,-.04,-.75) * f0_8 +
    mat4(-.78,.23,-.55,-.00,-.02,-.12,.20,.86,.39,.83,-.04,-.74,-.62,.01,-.25,.91) * f0_9 +
    mat4(-.09,.15,.05,.13,-.26,.32,-.35,-1.73,-.55,.86,.10,-.68,-.42,-1.52,.02,-1.22) * f0_10 +
    mat4(.78,-.48,.40,-.53,.21,.02,.16,-.21,.22,.18,.02,-.02,.48,.68,.16,-1.07) * f0_11 +
    mat4(-.54,-.72,-1.05,.13,-.01,.36,-.46,-.51,.07,.11,-.09,.30,-.70,-.19,-.23,.20) * f0_12 +
    mat4(-.11,-.33,.30,-.55,-.32,.02,-.58,.40,.20,.13,.31,.37,-1.00,.55,-.19,.24) * f0_13 +
    mat4(-.02,-.26,.08,-.41,-.71,1.08,-.15,-.37,-.06,-.42,.09,-1.66,-1.40,.49,-.26,-.77) * f0_14 +
    mat4(.87,.48,.10,-2.22,-.31,-.78,-.30,.81,.29,-.35,.40,-.08,-.54,.01,-.41,-.23) * f0_15 + vec4(.04,.37,.28,-.08));
    vec4 f1_1 = relu(
    mat4(-.61,-.07,-.29,.02,.56,.37,-.62,-.06,-.04,.19,-.03,-.04,.17,-.23,.15,-.09) * f0_0 +
    mat4(-.02,.67,.46,-.11,-.37,-.96,.24,-.15,-.77,.22,-.32,.05,.18,-.21,-.42,-.01) * f0_1 +
    mat4(.45,.23,-.02,-.06,.27,-.39,-.19,-.03,-1.13,-.02,.19,-.10,-.42,-.55,.18,-.06) * f0_2 +
    mat4(.30,-.11,-.23,-.15,.08,-.04,-.21,-.08,.05,.45,.32,.01,-.92,-1.18,-.35,-.14) * f0_3 +
    mat4(.04,.96,.08,.07,-.78,.04,-.44,-.14,-.36,-.26,-.24,.01,-1.01,.23,.42,-.15) * f0_4 +
    mat4(.13,.05,.17,-.08,-.80,.56,.40,.00,-.17,.16,.45,-.16,-1.15,.12,.23,.06) * f0_5 +
    mat4(-.25,.32,.54,-.12,.17,-.02,.20,.02,.16,-.11,-.00,.04,-.27,-.24,-.10,-.13) * f0_6 +
    mat4(-.16,-.03,-.11,-.16,-1.15,.05,-.15,-.02,-.92,-.76,.63,-.04,.28,.27,.01,-.13) * f0_7 +
    mat4(-.45,-.42,-.16,-.10,-.10,-.10,-.18,.05,.27,-.18,.46,-.08,.14,.55,.45,-.02) * f0_8 +
    mat4(-.54,-.11,.43,-.10,-.75,.12,-.13,-.06,-.64,-.82,.42,-.08,-.99,.38,.14,.02) * f0_9 +
    mat4(.28,-.20,.06,.06,-.67,.14,.31,-.07,-.14,.68,-.03,-.08,-.17,.63,1.06,.00) * f0_10 +
    mat4(.96,.34,.12,-.08,-.56,.23,-.29,.07,-.15,-.09,.60,-.16,-.73,.37,-.54,-.15) * f0_11 +
    mat4(.96,-.43,-.60,-.14,-.09,-.10,-.45,.07,-.52,.21,-.35,-.13,-.31,-.65,-.66,-.11) * f0_12 +
    mat4(.10,-.01,-.27,-.00,.11,-.39,-.14,-.08,-.17,.00,.15,-.03,.44,-1.31,.43,-.07) * f0_13 +
    mat4(-.06,-.62,.63,-.01,.29,.50,1.10,-.12,-.30,-.01,.09,.05,.22,.51,.98,-.12) * f0_14 +
    mat4(-.76,-.10,.67,-.07,.94,.09,-.15,-.15,-.38,-.13,-.12,-.12,.14,.29,-.77,.01) * f0_15 + vec4(-.21,-.44,-.29,-.12));
    vec4 f1_2 = relu(
    mat4(.00,.26,-.16,.23,-.05,.53,.20,-.37,-.03,-.59,.30,-.18,-.16,-.11,-.18,-.18) * f0_0 +
    mat4(-.18,-.83,-.93,-.49,-.25,-.77,-.59,-.98,-.18,.53,.09,.08,-.01,.28,.03,-.47) * f0_1 +
    mat4(-.23,.97,.35,.02,-.02,-.13,.22,-.50,-.04,-.74,-.25,-.05,-.26,.15,.09,.06) * f0_2 +
    mat4(-.23,-.17,.89,-.33,-.09,-.23,.07,1.22,-.03,.13,.46,.42,.06,.27,.29,-.31) * f0_3 +
    mat4(-.33,1.14,-.10,-.66,.02,.12,-.15,-.49,-.06,.20,.47,-.32,-.14,.29,.20,-.29) * f0_4 +
    mat4(-.13,-.56,-.23,.33,-.29,.17,-.72,-1.23,-.06,-1.04,-.15,.10,-.06,.42,-.06,.72) * f0_5 +
    mat4(-.00,-.25,-.11,-.80,-.18,-.16,-.05,-.28,-.19,.15,.21,-.42,-.25,-.05,-.09,.18) * f0_6 +
    mat4(-.27,-.53,.18,.21,-.13,-.18,-.04,.72,.01,.23,.52,-1.04,.04,.15,-.33,-.42) * f0_7 +
    mat4(.03,-.09,-.44,-1.19,-.65,.03,-.25,-.32,-.24,-.81,.24,-1.29,-.09,.44,.30,-.70) * f0_8 +
    mat4(-.02,-.09,-.38,-.38,-.23,-.10,-.39,.15,-.14,-.45,1.02,.03,-.15,.43,.06,-.24) * f0_9 +
    mat4(.02,-.00,-.35,.31,-.31,-.35,-.77,-.88,-.09,-1.19,.38,.12,.02,.75,.37,-.03) * f0_10 +
    mat4(-.15,.16,-.03,.21,-.31,.25,.20,.03,.00,.36,.07,-.23,-.03,.63,.85,-.48) * f0_11 +
    mat4(-.08,.31,-.35,.21,-.21,.19,-.31,-.24,-.12,.13,.13,.47,-.19,.31,-.21,-.25) * f0_12 +
    mat4(-.28,-.11,.24,.24,.05,.13,-.21,-.52,.05,.43,.53,.72,-.07,.90,-.03,-.12) * f0_13 +
    mat4(-.30,.27,-.18,-.03,-.01,.80,.14,-.61,-.14,-.07,-.04,.14,-.17,.54,.27,-.35) * f0_14 +
    mat4(-.15,.12,.39,.82,-.23,-.29,-.35,-.18,.00,.09,.27,.65,-.23,.12,-.19,-1.37) * f0_15 + vec4(-.30,-.09,-.24,.20));
    vec4 f1_3 = relu(
    mat4(-.01,-.41,-1.06,.11,-.53,.17,.74,.05,.51,-2.13,.18,-.41,-.06,1.23,.79,.43) * f0_0 +
    mat4(-.55,-.62,-.42,.68,-.76,-2.31,-.14,-.52,.28,-.18,-.22,-.48,-.07,-.28,-.31,-.60) * f0_1 +
    mat4(-.05,-.47,1.04,.90,.09,.29,.57,.09,.21,-.03,-1.18,-.50,.08,.38,-.93,.66) * f0_2 +
    mat4(-.18,-1.35,.80,-1.27,-.09,.06,-.06,.01,.27,.42,-.29,.56,.21,-2.13,-.21,.41) * f0_3 +
    mat4(-.13,.38,2.24,.20,-.07,.00,.54,.40,-.41,.93,1.06,.12,-.72,.96,-.57,1.00) * f0_4 +
    mat4(-.17,-.04,-.59,-.04,-1.01,-1.03,.57,.82,-.40,-.50,-.47,-.07,.05,.30,-.29,-.92) * f0_5 +
    mat4(-.18,-3.02,.30,-.16,.17,.51,-.50,.05,-.24,.01,-.43,-.16,-.23,.34,-.26,-.27) * f0_6 +
    mat4(-.01,-.40,-.38,.02,.12,-.91,-.22,.09,.03,-1.46,.04,.05,-.09,.23,.23,-.44) * f0_7 +
    mat4(-.55,-.11,.25,.26,-.29,-1.04,.20,.23,-.69,-.35,.71,.69,-.09,.03,-2.82,.74) * f0_8 +
    mat4(-.01,-.26,-.42,-.00,-.07,-.59,.16,.02,.36,.63,-.02,-.46,.13,.05,1.05,1.15) * f0_9 +
    mat4(.37,.09,-1.49,.41,-.21,-.33,-.64,.60,.28,-1.75,.57,.81,.26,1.87,-1.89,1.21) * f0_10 +
    mat4(.02,.61,-.06,.11,.15,-.66,-.31,-.40,.30,-1.12,.11,-.30,.11,.79,-1.93,-.44) * f0_11 +
    mat4(1.09,1.02,-.40,-.48,-.35,-.29,.56,-.36,.11,.24,-.14,-.04,-.34,-1.65,-.71,.13) * f0_12 +
    mat4(.00,-.52,.07,-.49,-.60,.09,.55,-.06,-.20,-.37,.32,-.16,-.06,-1.42,.64,.47) * f0_13 +
    mat4(-.66,-2.75,.15,-.59,-.17,-1.20,-.34,1.43,-.01,-.92,.14,.06,-.05,-.18,.74,1.12) * f0_14 +
    mat4(.20,.46,-.20,.50,.00,-.05,-.99,.68,-.02,.14,-.23,-.21,-.38,-.15,-.12,-.91) * f0_15 + vec4(-.05,-.20,-.55,-.47));
    vec4 f1_4 = relu(
    mat4(-.23,-.06,-.24,.05,.05,.91,.36,-.18,-.19,.40,-.76,.20,-.48,.38,-.90,.15) * f0_0 +
    mat4(.75,.09,.00,.64,-.55,.25,.02,-.25,-.35,.15,.22,.24,.05,-.37,-.25,-.01) * f0_1 +
    mat4(.04,.33,-.03,.81,.11,-.13,-.26,.83,.04,.05,-.02,-.18,-.02,.11,-.13,.17) * f0_2 +
    mat4(.60,-.11,-.27,-.06,.09,-.10,.06,.55,1.19,-.22,.21,.62,.24,.45,-.11,.42) * f0_3 +
    mat4(.99,.12,-.09,.09,-.02,-.52,.02,.23,-.65,-.53,.01,.87,.92,.53,-.02,-.03) * f0_4 +
    mat4(.19,-.02,-.19,.17,.18,-.95,-.48,.86,.71,-.48,-.16,-.34,-.12,.34,.08,-.16) * f0_5 +
    mat4(.20,-.75,-.03,-.45,-.29,.25,.32,.15,-.05,.31,-.22,-.48,-.31,-.33,-.03,-.35) * f0_6 +
    mat4(.30,-.15,.16,.25,.26,-.44,-.14,-.81,-.06,-.52,-.04,.18,-1.04,.23,-.68,-.07) * f0_7 +
    mat4(.38,-.29,-.20,.34,.38,.31,.03,.74,.44,-.57,-.08,.10,.40,-.01,-.27,.11) * f0_8 +
    mat4(-.07,.20,-.94,.36,-.04,.46,.10,.04,-.61,.61,.80,.11,.11,.05,-.03,.33) * f0_9 +
    mat4(-.12,-.37,.35,-.48,.19,-.24,-.61,-1.18,-.65,.11,.41,.00,-.12,-.30,-.54,-.20) * f0_10 +
    mat4(-.91,.58,-.04,.17,-.12,-.27,-.18,.22,-.19,-.08,.17,.60,-.06,.15,.50,-.39) * f0_11 +
    mat4(-.09,-.00,1.08,.48,-.20,-.06,.22,-.20,.45,.11,.05,.14,.01,.16,.03,.51) * f0_12 +
    mat4(-.23,-.15,-.01,-.27,-.21,.21,-.13,.10,-.30,-.02,-.02,-.38,-.28,.12,.55,.29) * f0_13 +
    mat4(.44,-.13,.08,.30,.95,.25,.17,.47,.14,-.05,-.20,-.14,-.03,.07,-.26,.19) * f0_14 +
    mat4(.36,.28,.26,-.29,-.14,.84,-.19,.36,-.33,-.16,.13,-.44,-.60,-.29,-.25,-.21) * f0_15 + vec4(-.29,-.19,.03,-.43));
    vec4 f1_5 = relu(
    mat4(.24,-.16,.09,.24,.58,-.60,-.45,-.07,.45,.02,-.32,-.16,-.55,-.39,-.62,-.44) * f0_0 +
    mat4(-.71,-.20,.01,-.38,.01,-.77,-.79,-.39,.36,.17,-.28,-.22,.15,-.70,-1.37,-.48) * f0_1 +
    mat4(.49,-.51,.16,.02,.07,-.23,.25,-.04,-.25,.30,-.69,.15,-.17,.08,.52,.73) * f0_2 +
    mat4(.54,.21,-2.33,.85,-.33,-.20,-1.94,1.17,-.04,.20,-.10,.42,.21,.31,-1.07,.37) * f0_3 +
    mat4(-.13,.40,-1.25,-.02,-.01,.10,-.01,-.29,.88,-.18,.02,-.43,.45,.18,.11,-.22) * f0_4 +
    mat4(.02,.34,-.21,.52,-.36,-.81,-.90,-.49,-.52,-.68,-.88,-.61,.15,.11,-.89,.43) * f0_5 +
    mat4(-.48,-.05,-.86,-.82,-.06,-.05,.15,-.73,.16,.05,.11,-.64,-.24,-.20,.14,.35) * f0_6 +
    mat4(.02,.33,-.66,-.01,-.20,.06,-.61,.45,.26,-.35,-.59,-1.26,-.17,-.50,.24,-.85) * f0_7 +
    mat4(.52,.18,-1.06,-.79,-.54,.16,.08,-1.23,.13,.37,-.27,-.21,-.23,.02,-.32,-.63) * f0_8 +
    mat4(-.95,.14,-.41,-.81,-.18,-.37,.01,.03,.39,-.01,-.38,-.45,.11,.06,.01,.15) * f0_9 +
    mat4(-.05,.03,.06,-.43,.25,.29,-.83,-.33,.59,-.30,-.04,-.22,.22,.53,-.08,-.49) * f0_10 +
    mat4(.19,.23,.44,-.10,-.24,.06,-.24,.29,-.56,-.10,-.24,-.42,.07,.29,-.85,-.62) * f0_11 +
    mat4(.10,1.69,.52,.48,-.37,-1.15,.69,.30,-.03,.14,.24,-.29,.01,.14,.39,-.06) * f0_12 +
    mat4(-.06,.07,-.68,.25,.18,.21,-.94,-.39,.21,-.34,-.04,.48,.17,-.23,.06,-.16) * f0_13 +
    mat4(-.66,-.48,.36,-.22,.18,-.19,.43,-.78,-.15,-.01,.14,.18,.28,-.40,.31,-.47) * f0_14 +
    mat4(.25,-.30,.83,.59,.03,-.30,-1.12,-.02,.03,.19,-.07,.32,-.04,-.37,.27,-1.05) * f0_15 + vec4(-.13,.14,.04,.33));
    vec4 f1_6 = relu(
    mat4(-.04,-.59,.09,.10,.02,-1.63,.44,.11,-.05,1.05,.15,1.53,-.02,-1.01,.32,.97) * f0_0 +
    mat4(-.08,-.18,-.28,-.55,.06,.07,-.08,-.11,.05,.52,.25,-.17,-.14,-.11,-.03,.20) * f0_1 +
    mat4(.06,.41,.22,.27,-.11,-.81,-.15,1.04,-.02,.16,.13,.09,.04,1.66,-.15,.25) * f0_2 +
    mat4(-.01,-.00,-.02,-.01,.06,.69,-.07,.18,-.02,-.35,.49,1.21,-.06,-.27,.14,.63) * f0_3 +
    mat4(-.01,-1.14,-.35,-.63,.00,.22,-.03,-.14,-.13,.04,.04,.03,-.08,-.44,-.47,-.14) * f0_4 +
    mat4(-.07,-.07,.11,.03,-.13,-.56,-.94,.08,-.10,.23,.32,-.11,-.09,-.41,.25,-.70) * f0_5 +
    mat4(-.08,.26,-.10,-.61,-.14,-.53,.14,.56,-.13,-1.54,-.09,-.11,-.07,.51,-.04,-.36) * f0_6 +
    mat4(-.05,-1.51,-.06,-1.06,-.02,-.42,-.12,.17,-.09,-.94,.03,-.09,.03,-1.64,.02,-.65) * f0_7 +
    mat4(.08,.59,.26,.37,.08,-.06,.07,.37,-.09,.80,-.33,.56,-.14,-.82,.39,-2.35) * f0_8 +
    mat4(-.16,.00,-.28,-.69,-.02,.88,.24,-1.02,-.00,-1.25,.85,1.16,.04,-1.72,.19,.15) * f0_9 +
    mat4(.03,-.02,.34,-.01,.06,.07,.26,-.27,-.15,.33,.52,1.19,.01,.47,.17,1.34) * f0_10 +
    mat4(-.10,-.67,.34,.34,-.03,-.89,.09,-.06,-.09,-.42,.09,.16,.06,1.32,.38,1.10) * f0_11 +
    mat4(-.05,1.07,.24,1.91,-.05,-.42,.03,-.70,-.12,-.95,-.07,-.70,.01,-.78,.03,.39) * f0_12 +
    mat4(.03,.37,-.12,-.28,-.04,-.58,.13,.28,-.02,.56,.01,.34,.05,-1.47,.22,-.15) * f0_13 +
    mat4(.01,-1.88,.19,.40,.09,-.62,.66,1.15,.01,-.32,-.23,.10,-.00,.46,.20,.03) * f0_14 +
    mat4(-.08,.30,.31,.12,-.09,-.05,.39,1.28,-.00,.31,.28,.23,-.13,-2.39,.04,-.01) * f0_15 + vec4(-.15,-.21,-.22,-.40));
    vec4 f1_7 = relu(
    mat4(-.07,-.01,-.17,.08,.92,1.06,.05,-.49,.66,-.37,.08,-.86,.19,-1.25,.02,-.14) * f0_0 +
    mat4(.01,.07,-.05,-.09,.19,.36,-.09,-.65,.30,-.14,-.08,-.29,.27,.04,-.04,.08) * f0_1 +
    mat4(.20,.65,-.00,-.34,.36,.04,-.05,.08,.09,-.56,-.12,-.02,.21,-.18,.08,-.75) * f0_2 +
    mat4(.13,-.29,-.09,.27,-.06,.27,-.11,.43,1.32,1.30,-.02,-1.42,.61,.13,-.08,-.33) * f0_3 +
    mat4(.19,-.03,.05,-.04,.32,-1.24,-.01,-.21,.18,-.49,-.03,-.69,-.07,.76,-.03,.63) * f0_4 +
    mat4(.05,.15,-.14,-.01,-.31,-.59,.07,-.05,.57,.63,.08,-.87,.01,-.78,.07,-.20) * f0_5 +
    mat4(.09,.34,.01,.24,.49,-.38,-.05,-.63,.04,-.33,-.07,-1.35,-.24,-.13,-.06,.24) * f0_6 +
    mat4(.02,.23,-.14,.31,-.07,.48,-.15,.55,.29,1.06,-.01,-.36,.67,-1.44,.06,-.82) * f0_7 +
    mat4(.63,-.33,.06,-.30,.10,-.36,.00,-.46,.26,-1.01,.06,-.46,.58,-.68,-.16,-1.93) * f0_8 +
    mat4(.24,.26,-.05,-.39,.07,-.22,-.02,-.01,.88,-1.48,-.15,-2.17,.69,.35,-.11,-.44) * f0_9 +
    mat4(.42,-1.17,.01,-.42,.49,.06,-.07,-.42,.79,.64,.01,-1.54,.31,.76,-.09,-.06) * f0_10 +
    mat4(.28,-2.04,-.09,.09,.22,-.05,.06,.26,.44,.20,-.09,-.02,.63,-.32,-.16,-1.16) * f0_11 +
    mat4(.48,-.45,-.07,.25,.39,-.10,.06,-.37,.08,-.87,-.15,-.02,.65,.24,-.11,-.23) * f0_12 +
    mat4(-.04,-.51,-.11,.25,.17,.13,-.04,-.42,-.21,-.46,.06,.01,.88,-.02,-.10,-.77) * f0_13 +
    mat4(.36,.02,.03,-.19,1.62,.45,-.10,-2.33,-.20,-.28,-.06,.46,-.11,-1.91,-.15,-.34) * f0_14 +
    mat4(-.00,.09,-.01,-.25,.75,-.81,-.11,-.74,.13,.34,-.04,.25,-.02,.75,-.06,-.14) * f0_15 + vec4(-.26,-.44,-.15,.47));
    vec4 f1_8 = relu(
    mat4(-.20,.14,-.48,.12,-.31,.29,-.53,-.46,.06,.88,-1.22,.01,.59,.03,-.12,-.32) * f0_0 +
    mat4(-.23,-.06,-.55,.12,-.65,-.27,-.24,.35,-.07,.32,.09,-.15,-.57,-.01,-.40,-.19) * f0_1 +
    mat4(-.58,.12,.36,-.36,-.17,-.14,-1.05,-.47,.36,.30,-.25,.20,-.15,.12,.31,.27) * f0_2 +
    mat4(-.18,.06,.06,-.07,-.05,.02,.11,-.07,.33,.65,.54,-.86,-.20,.41,.47,-1.26) * f0_3 +
    mat4(.53,-.29,-.48,.15,.61,-.32,-.05,.26,-1.07,.69,.47,.39,.59,-.00,.83,.23) * f0_4 +
    mat4(.39,-.11,.30,.31,-.38,.20,.15,-.84,.51,.11,-.15,.23,.01,-.25,.33,-.12) * f0_5 +
    mat4(.75,-.10,.42,.60,-.15,.21,.30,.34,-.13,-.33,-.15,.13,-.22,-.35,-.42,.03) * f0_6 +
    mat4(-.34,.09,.22,-.20,-.21,-.07,-.01,-.92,-.16,-.15,-.49,-.16,.75,-.15,-.60,.51) * f0_7 +
    mat4(.61,.46,-.12,-1.59,.26,-.02,.29,.63,.56,-.23,-.20,.57,.55,-.17,-.74,.51) * f0_8 +
    mat4(-.21,-.30,-.58,.18,-.10,-.15,.30,-.29,.01,.48,1.32,-.87,-.82,.24,.47,-.29) * f0_9 +
    mat4(-1.19,.06,-.67,-1.24,.66,-.58,-.35,.07,.13,-.17,.91,-.40,1.01,.48,-.20,.15) * f0_10 +
    mat4(.12,.12,-.41,-.07,.04,.12,-.10,-.21,-.47,.35,-.26,-.20,.01,-.20,.07,.04) * f0_11 +
    mat4(-.30,-.63,1.62,.68,-.11,.17,.28,-1.66,-.08,-.16,.22,-.28,-.46,.02,-.25,.17) * f0_12 +
    mat4(-.41,.04,.59,-.68,-.03,-.07,-.13,.14,-.23,.05,.46,-1.41,.07,-.19,1.01,.16) * f0_13 +
    mat4(.68,.20,.01,.34,.05,-.02,.86,.28,.13,.03,-.24,.04,.31,.31,-.51,.19) * f0_14 +
    mat4(.48,-.34,.06,-.36,.66,-.06,-.03,.03,-.53,.08,-.03,-.79,.14,-.26,.00,-.71) * f0_15 + vec4(.02,-.32,-.39,.01));
    vec4 f1_9 = relu(
    mat4(-.23,-.04,.16,-.41,-.68,-.02,.06,.03,-.90,-.15,.31,-.67,.26,-.03,.30,-1.64) * f0_0 +
    mat4(-.38,-.05,-.75,-2.06,-.99,-.02,-.47,.19,-.70,-.00,.21,.52,-.56,-.13,.02,.15) * f0_1 +
    mat4(-1.10,.07,.36,-1.46,-.30,-.11,-.04,-.11,-.78,-.13,.18,-.62,-1.79,-.03,-.03,1.35) * f0_2 +
    mat4(-1.68,-.05,.02,-1.11,-.15,.06,-.02,-1.25,-.37,-.09,.44,1.42,-.11,-.13,.50,-1.03) * f0_3 +
    mat4(-1.12,-.06,-.47,-2.04,-.34,.01,-.11,-.43,1.25,-.17,.76,-1.11,.42,.04,.07,-1.72) * f0_4 +
    mat4(-.93,.06,-.10,-.03,.70,-.06,.15,-.40,-.48,-.06,.91,-.72,-.46,-.02,.19,-.05) * f0_5 +
    mat4(-.39,-.16,.63,.61,-.30,-.01,.12,.01,-.98,-.09,-.54,-.02,-.32,-.24,-.25,.51) * f0_6 +
    mat4(-.66,-.14,-.08,-.23,-.28,-.06,.05,-2.37,-1.21,-.05,.09,-.06,.43,.02,.08,-2.80) * f0_7 +
    mat4(-.58,.08,.40,-.88,.85,-.15,-.32,-.01,-.41,.05,-.06,.44,.25,-.09,.55,-1.53) * f0_8 +
    mat4(.74,-.06,-.08,.45,-.17,.01,-.06,.05,-.08,-.07,-.05,.46,-1.00,-.10,.23,-1.43) * f0_9 +
    mat4(-.18,-.09,-.17,.16,-.72,-.13,-.06,-.08,-.55,.04,.47,-.69,-.25,-.16,.17,-1.29) * f0_10 +
    mat4(-2.06,-.09,.29,-1.25,-.25,-.11,.26,-.32,.80,-.13,.34,.08,-1.37,-.02,.31,-.31) * f0_11 +
    mat4(-.98,.04,1.04,.81,-.00,-.15,-.02,.06,.28,-.11,-.33,.29,.28,.07,.18,-.55) * f0_12 +
    mat4(-1.08,-.08,.03,.05,-.48,-.01,-.38,-.81,-.40,.01,-.03,.13,.35,-.15,-.45,.73) * f0_13 +
    mat4(-.58,.04,.38,-1.64,-2.68,-.01,.57,-3.09,.56,-.03,-.26,-.02,-1.04,.03,-.27,.49) * f0_14 +
    mat4(.31,-.05,-.05,-.18,-.37,-.10,-.01,-.39,-.27,-.10,-.26,.23,-.11,-.12,.15,-1.78) * f0_15 + vec4(.02,.01,-.15,.10));
    vec4 f1_10 = relu(
    mat4(-.15,-.16,-.12,-.07,-.35,-.08,-.17,-.95,.45,-.17,1.23,.26,.53,-.07,-.04,-.24) * f0_0 +
    mat4(-.24,.04,.68,.97,-.36,.04,.46,.65,-.37,-.05,-.76,-.74,-.28,-.11,-.07,.64) * f0_1 +
    mat4(.46,-.06,-.20,.60,.30,-.03,.05,-.78,.26,.02,.05,.08,-.67,.01,-.27,-1.30) * f0_2 +
    mat4(-.26,-.07,-.87,-.64,-.03,-.13,-.08,-.44,-.60,.04,-1.62,-1.74,.09,.04,-.48,-.57) * f0_3 +
    mat4(-.38,-.10,1.56,.17,-.03,.05,.23,.06,.31,-.04,-.03,.12,.33,.06,1.68,.94) * f0_4 +
    mat4(.04,-.15,-.10,-1.20,-.01,-.09,-.38,.62,.81,.03,.35,-.54,.02,.02,-.58,-.43) * f0_5 +
    mat4(.20,-.11,.93,.37,.30,-.06,-.60,-.61,-.49,-.04,-2.34,-1.11,-.46,-.10,.17,.30) * f0_6 +
    mat4(.09,-.13,-.20,.01,-.04,.01,-.71,-.17,.14,.03,.87,-.09,.17,-.00,.32,-.19) * f0_7 +
    mat4(.49,.01,-.80,-.48,-.02,-.02,1.26,-.53,-.05,-.01,-.52,-.22,.49,-.13,-.21,-.55) * f0_8 +
    mat4(.73,.03,.53,.12,-.23,-.05,-.72,-.29,-.24,.03,-1.38,-.03,.74,-.04,.81,-.33) * f0_9 +
    mat4(.14,.05,-.19,-.81,-.04,-.16,-.55,-.45,.34,-.03,.32,-1.03,.29,.05,.27,.42) * f0_10 +
    mat4(.28,-.12,-1.31,-.16,.18,-.01,.07,.03,.02,-.16,.25,.08,-1.09,-.13,-.70,-.61) * f0_11 +
    mat4(-1.34,.04,-1.53,-.86,.19,.06,-.95,-.94,-.24,-.10,-.53,.44,.10,.00,.11,-.90) * f0_12 +
    mat4(.06,-.06,.41,.34,-.34,-.12,-.02,.16,-.22,-.16,.05,-.70,.34,.06,.55,-.58) * f0_13 +
    mat4(.44,-.10,1.00,-.40,.18,-.05,-.99,-1.65,.27,-.06,.75,.45,.06,-.07,.89,.35) * f0_14 +
    mat4(-.28,-.09,-.27,.00,.30,.05,.12,-.14,-.31,-.05,.07,-.20,.06,-.11,.32,-.50) * f0_15 + vec4(-.18,.01,-.20,.62));
    vec4 f1_11 = relu(
    mat4(.21,-.34,-.20,.09,-1.47,.35,.07,-.17,-1.28,.48,.39,.48,-.88,-.30,.30,.16) * f0_0 +
    mat4(-.39,-.02,.73,.12,-.66,-1.36,-.14,-.88,.27,.26,-.03,-.39,.06,-.71,.06,.07) * f0_1 +
    mat4(-.52,-.51,.22,.35,-.51,-.39,.21,.28,.41,.07,.03,.16,.04,-.60,-.09,-.23) * f0_2 +
    mat4(.66,-1.11,.23,-.09,.97,.68,-.94,.24,-.89,.74,.94,.96,.46,.69,.68,-1.35) * f0_3 +
    mat4(-.87,.14,-.18,.83,-.36,-.20,-.90,-.21,.31,-.03,.22,-.67,-.91,-.72,-.47,.45) * f0_4 +
    mat4(.62,.45,-.26,.32,-1.28,-.39,.08,.67,-1.23,-.25,-.73,.34,.47,.29,.21,-.36) * f0_5 +
    mat4(-1.11,.37,-.11,.84,-.78,.22,.12,.03,.08,-.25,.28,.09,.25,.02,-.28,-.19) * f0_6 +
    mat4(.34,.22,.29,-.03,.78,.15,-.05,-.30,-.90,-.84,.05,-.06,-.78,-.40,.25,.65) * f0_7 +
    mat4(-.48,-.69,-.47,.63,-.64,-.21,.65,-.29,-1.05,.11,-.06,.26,-1.61,-.41,.22,-.05) * f0_8 +
    mat4(-1.02,-.36,-.12,.52,.31,.24,-.12,-.07,-1.56,.84,.23,.52,-.65,.61,-.97,.31) * f0_9 +
    mat4(-.23,-.22,-.18,-.10,-1.03,-.41,-.72,.55,-.99,.68,-.03,-.24,-.21,-.49,-.27,.10) * f0_10 +
    mat4(.54,.18,.60,.04,.25,-.21,-.17,-.19,-.53,-.88,.41,.25,-.30,.14,.49,.07) * f0_11 +
    mat4(-1.17,1.35,.50,.32,-.19,-.20,-.21,-.34,.44,.46,-.71,-.08,-.70,-.15,-.16,-.64) * f0_12 +
    mat4(.41,.32,-.60,-.48,-.99,-.63,.07,.47,.50,.40,-.20,-.83,-1.84,-.76,.15,-.27) * f0_13 +
    mat4(-.36,-.87,.10,.31,-2.18,-.21,-.09,1.10,.24,.07,.29,.12,-1.75,-.45,-.48,.61) * f0_14 +
    mat4(.14,-.17,-.15,-.26,-.91,.34,.09,.87,.64,-.04,-.73,-.19,-1.07,.06,.18,.61) * f0_15 + vec4(.53,-.05,-.10,-.14));
    vec4 f1_12 = relu(
    mat4(.19,.36,.17,.03,-.01,-.05,.10,-.95,.12,-.21,.58,.03,.16,-.39,-.20,-.68) * f0_0 +
    mat4(-.02,-.38,.05,.38,.59,-.43,-.13,.09,-.01,.17,-.70,.11,.08,-.15,.18,-.25) * f0_1 +
    mat4(.32,-.39,.37,.97,.56,-.62,-.15,.20,.18,.11,.05,-.12,-.14,.10,-.00,.15) * f0_2 +
    mat4(.47,.27,.47,-.26,-.05,.39,-.12,.16,.48,.54,.38,-.04,-.00,.37,.43,-1.34) * f0_3 +
    mat4(.34,.21,-.01,1.24,.02,-.25,.36,-.06,.16,.24,-.06,-.62,-.15,-.43,-.01,.63) * f0_4 +
    mat4(-.19,.62,.00,-.11,-.68,-.30,-.97,.21,-.09,-.50,.30,.08,-.03,.98,-.03,.30) * f0_5 +
    mat4(.26,-.17,-.23,.25,-.07,-.12,.41,.11,-.14,-.27,-.30,-.09,.00,.46,-.14,-.24) * f0_6 +
    mat4(.06,.26,-1.15,-.56,-.06,.67,.08,-2.74,.29,-.15,-.14,.17,.09,-.11,.18,.55) * f0_7 +
    mat4(.78,-.44,.19,-.36,-.04,.12,-.52,.65,-.72,-.48,-.18,1.01,.25,-.02,.23,.02) * f0_8 +
    mat4(-.03,-.58,-.51,.47,.05,.39,.08,-.18,.40,-.21,.90,.12,-.25,.27,-.13,.81) * f0_9 +
    mat4(.01,-.01,.04,.18,-.35,-.09,-.62,-.99,-.75,.30,-.98,.50,-.67,-.59,-.28,1.13) * f0_10 +
    mat4(.20,.50,.23,.35,.03,.21,.28,-.34,.32,-.03,.02,-.46,-.38,.00,.24,.77) * f0_11 +
    mat4(1.11,-.03,.01,.18,-.28,-.24,.56,.30,-.10,.09,.21,.12,-.05,-.28,.61,-.17) * f0_12 +
    mat4(-.10,.50,-.17,-.47,-.14,-.36,-.11,-.19,.08,.30,-.04,-.23,-.03,-.38,.57,.25) * f0_13 +
    mat4(.07,.07,-.23,.87,.35,-.26,.98,.80,-.53,.32,-.20,-.40,-.25,-.16,.00,-.63) * f0_14 +
    mat4(-.07,.16,-.38,.02,.26,-.40,.61,.58,.22,.46,.23,-.71,.37,-.43,-.07,.83) * f0_15 + vec4(-.12,.42,-.28,.00));
    vec4 f1_13 = relu(
    mat4(-.50,-.06,-.04,-.34,.60,-.15,.55,-.04,.44,-.02,.22,-.79,.36,-.03,-1.58,1.80) * f0_0 +
    mat4(.55,.06,.15,-.75,1.10,-.15,.52,-.15,-.15,-.06,-1.64,-.07,.31,-.02,-.20,-.68) * f0_1 +
    mat4(-.55,-.01,.03,-1.75,-.08,-.00,.42,.49,.10,-.16,-.35,-.85,.03,-.12,.85,-.08) * f0_2 +
    mat4(-.53,.00,-.18,.39,-1.22,.06,-1.33,-.32,-.57,-.10,.30,.36,-.09,-.06,-.19,-1.17) * f0_3 +
    mat4(.83,-.10,-.75,.72,-.45,.01,.21,-.19,.72,-.07,-.24,.33,.04,-.18,-.85,-.84) * f0_4 +
    mat4(-.78,.02,-.21,.46,-.49,.01,.62,.22,-.22,-.03,.06,-.10,-.47,-.14,-.64,.25) * f0_5 +
    mat4(-.61,-.07,.61,-.45,-.49,-.08,-.07,-1.53,-.60,-.16,-.05,-.88,.06,-.18,.03,.12) * f0_6 +
    mat4(-.07,.07,-.65,-.17,-.83,-.08,-.43,-.99,.26,-.10,.28,.02,-.56,-.04,-.21,-.82) * f0_7 +
    mat4(-.38,.06,-.08,-1.21,-.66,.01,-1.56,-.76,-.41,-.10,.48,-.14,.20,-.04,.37,.12) * f0_8 +
    mat4(-.46,-.04,-.69,.74,.05,-.07,-.63,-.68,.02,-.11,-.31,.26,.75,-.09,.23,-.12) * f0_9 +
    mat4(.23,-.01,-.63,-1.01,-.20,-.16,.05,-.67,-.80,-.08,-.63,-.26,-.39,.07,.06,-.36) * f0_10 +
    mat4(-.49,-.07,-.54,-.66,.02,.02,.21,-.58,-.18,-.13,-.52,.80,-.02,-.01,.60,-.75) * f0_11 +
    mat4(-.21,-.14,-.05,-.03,-.92,.02,-.09,-.54,.13,-.14,-.55,.59,-.20,.04,.90,-1.45) * f0_12 +
    mat4(-.10,.01,-.58,-.56,-.26,-.03,-.82,-.48,-.59,.02,-.38,-.01,.60,-.08,.18,.15) * f0_13 +
    mat4(.01,.04,-.03,-1.32,.21,.02,-.37,.67,-1.90,.02,.12,.26,.13,-.03,-.61,-1.72) * f0_14 +
    mat4(1.00,.02,.46,-.92,.75,-.05,.23,.48,.01,-.16,.12,.50,-.41,-.02,-.14,.50) * f0_15 + vec4(-.11,-.08,.12,.49));
    vec4 f1_14 = relu(
    mat4(.19,.10,-.03,.76,.35,-.38,.01,-1.04,.31,-.31,.87,-.22,.33,-.57,.40,-1.77) * f0_0 +
    mat4(-1.25,.02,-.33,-1.20,.52,.16,-.43,-1.09,-.02,.25,-.04,1.22,.24,.31,.07,-1.16) * f0_1 +
    mat4(.35,-.26,.39,-1.41,.13,.27,-.14,-.01,.15,-.14,-.06,.41,-1.41,.58,.11,.69) * f0_2 +
    mat4(.32,-.28,.11,.55,.26,.39,-.31,1.80,-.83,.26,.47,-.19,.09,.38,.32,.87) * f0_3 +
    mat4(.17,.30,.36,-2.29,-.00,-.33,-.08,-1.51,-.10,.10,-.27,-1.27,.22,-.24,-.22,-2.13) * f0_4 +
    mat4(.03,-.00,-.11,.13,-.20,-1.11,-.42,-2.38,.37,.02,-.07,-1.04,-.10,-.17,.16,1.22) * f0_5 +
    mat4(.68,.09,-.16,-2.55,-.70,.18,.24,-.53,.57,-.26,-.48,.10,-.28,.05,-.26,.48) * f0_6 +
    mat4(.03,.39,-.31,.27,-.26,-.03,-.05,.82,.47,-.47,-.33,-2.18,-.15,.11,-.00,-1.10) * f0_7 +
    mat4(.38,-.42,-.18,-.69,.57,-.40,-.79,-2.02,-.14,-1.27,-.29,-.74,.74,-.54,-.13,-1.68) * f0_8 +
    mat4(-.53,-.32,.14,-1.24,-.17,-.12,-.06,1.00,.37,.34,.39,-.88,.21,-.35,-.16,-.72) * f0_9 +
    mat4(-1.36,.38,.11,-.12,.39,-.25,-.22,-.69,.47,-.66,-.70,-.96,.56,-.63,.21,-2.04) * f0_10 +
    mat4(.32,.10,-.05,.55,-.78,.00,.08,.86,.14,.13,.37,-.95,.36,.30,.35,-.38) * f0_11 +
    mat4(.89,.39,.91,.08,-.41,.16,.43,.34,-.51,-.02,-.18,.01,-.59,.05,.37,-.67) * f0_12 +
    mat4(.01,-.03,.09,.39,-.47,-.41,-.13,-.92,.06,-.27,-.49,1.52,.47,-.07,.22,-1.48) * f0_13 +
    mat4(.51,-.41,-.08,-1.42,.05,-.08,.18,-2.52,-.05,.18,.04,-.10,.46,-.17,.25,-3.57) * f0_14 +
    mat4(-.04,-.26,.19,.13,.39,-.57,-.20,-1.57,.24,.30,.09,.48,.46,.35,-.45,-2.26) * f0_15 + vec4(-.31,.23,-.03,.36));
    vec4 f1_15 = relu(
    mat4(.09,-.00,-1.23,-.32,.45,-.24,.39,-.03,-.42,-.15,-.63,-.13,-.89,.51,-.42,-.00) * f0_0 +
    mat4(.52,-.21,-.29,-.12,.83,.38,.13,-.13,.31,-.34,-1.22,-.16,-1.00,-.24,.81,-.05) * f0_1 +
    mat4(.18,-.09,.51,-.08,-.20,.15,.23,.00,.03,.23,.11,.00,-.13,-1.50,-.35,.03) * f0_2 +
    mat4(.30,-.09,-.38,-.11,-1.89,1.26,.42,-.07,1.36,-.69,-.36,-.07,-.36,-.43,.33,-.07) * f0_3 +
    mat4(.44,.47,.27,.02,.04,.12,.34,-.12,-1.09,.45,1.03,.04,-.40,.27,.70,.04) * f0_4 +
    mat4(-.41,.39,-.53,-.11,-.05,-.14,.40,-.05,-.37,.77,.03,.03,.12,-.21,-.84,.09) * f0_5 +
    mat4(.95,-.29,.57,-.14,.16,-.06,-.56,-.14,-.64,-.26,-.27,-.14,-.43,-.04,-.29,-.16) * f0_6 +
    mat4(-.88,.51,-1.07,-.41,-1.26,-3.23,-.05,-.13,.40,-.12,-.46,-.22,-.38,.01,-.10,.02) * f0_7 +
    mat4(.33,-.11,-.68,-.21,.76,-.04,-.64,-.04,.80,-.57,-.70,-.21,.18,-.40,-.19,.00) * f0_8 +
    mat4(.01,.48,-.91,-.12,.48,.13,-.55,-.25,-.83,-1.33,-.67,-.06,-.73,-.20,-1.11,-.14) * f0_9 +
    mat4(-.61,-.26,-.28,-.12,.53,-.83,-.36,-.27,.48,-.49,-.63,-.09,-.87,-.76,.38,.10) * f0_10 +
    mat4(-.04,-.00,-.32,.07,-.60,.11,-.79,-.18,.26,.26,.07,-.15,-.32,-1.05,-.41,-.01) * f0_11 +
    mat4(.39,-.44,-.20,.02,.23,-.57,.25,-.11,.47,.32,-.01,-.15,.59,-.01,-.62,-.05) * f0_12 +
    mat4(-.78,.17,.25,.01,-.11,-.52,.34,-.04,-.33,.10,-.50,-.02,.19,-.04,.04,-.10) * f0_13 +
    mat4(.67,-.01,.92,-.01,.45,-.60,-.49,-.15,.00,.54,-.38,.05,.72,-.28,.18,-.12) * f0_14 +
    mat4(-.35,-.20,.12,.05,-.20,-.13,.28,-.16,-.17,.00,-.09,-.14,-.34,-.09,.20,-.17) * f0_15 + vec4(.06,.33,.14,-.16));
    
    float out0 = dot(f1_0, vec4(.02,.40,-.04,-.28)) + dot(f1_1, vec4(1.11,-.23,-.34,.00)) + dot(f1_2, vec4(.11,-.04,-.16,-.01)) + dot(f1_3, vec4(.10,-1.02,-.84,-.26)) + dot(f1_4, vec4(-.31,-.18,-.02,-.18)) + dot(f1_5, vec4(.05,.13,-.11,.02)) + dot(f1_6, vec4(.01,-.04,-.00,-.28)) + dot(f1_7, vec4(-.18,-.23,.04,.35)) + dot(f1_8, vec4(-.02,-.15,-.33,-.25)) + dot(f1_9, vec4(-.00,-.09,.13,-.40)) + dot(f1_10, vec4(-.28,.03,.08,.47)) + dot(f1_11, vec4(.11,.04,.34,-.15)) + dot(f1_12, vec4(-.22,-.00,-.17,-.03)) + dot(f1_13, vec4(-.60,.01,.30,.62)) + dot(f1_14, vec4(-.18,.05,.17,-.04)) + dot(f1_15, vec4(.31,.27,.07,-.19)) + .11;
    float out1 = dot(f1_0, vec4(.03,.11,.09,-.26)) + dot(f1_1, vec4(1.04,-.00,-.22,.01)) + dot(f1_2, vec4(.04,-.17,-.16,.03)) + dot(f1_3, vec4(-.09,-.89,-.58,-.34)) + dot(f1_4, vec4(-.29,-.02,.10,-.01)) + dot(f1_5, vec4(-.01,-.01,-.21,.02)) + dot(f1_6, vec4(.00,-.02,-.13,-.40)) + dot(f1_7, vec4(-.19,-.23,-.16,.24)) + dot(f1_8, vec4(-.02,.23,-.30,-.18)) + dot(f1_9, vec4(-.11,.04,-.16,-.20)) + dot(f1_10, vec4(.07,-.10,-.05,.29)) + dot(f1_11, vec4(.03,-.05,.10,-.17)) + dot(f1_12, vec4(-.04,-.01,-.11,.12)) + dot(f1_13, vec4(-.71,-.06,.41,.48)) + dot(f1_14, vec4(-.17,-.03,-.19,-.03)) + dot(f1_15, vec4(.08,.04,.19,-.03)) + .11;
    float out2 = dot(f1_0, vec4(.02,-.19,-.05,-.17)) + dot(f1_1, vec4(.94,.25,.22,-.00)) + dot(f1_2, vec4(.02,-.29,.00,-.00)) + dot(f1_3, vec4(.00,-.56,-.40,-.48)) + dot(f1_4, vec4(-.21,.44,-.38,.39)) + dot(f1_5, vec4(-.37,-.14,-.65,.05)) + dot(f1_6, vec4(.04,-.01,-.01,-.37)) + dot(f1_7, vec4(-.27,-.20,.08,.10)) + dot(f1_8, vec4(-.36,.04,-.33,.38)) + dot(f1_9, vec4(-.35,.05,-.26,.35)) + dot(f1_10, vec4(.29,.00,.07,.05)) + dot(f1_11, vec4(.04,-.03,-.09,-.24)) + dot(f1_12, vec4(.10,.05,-.07,.58)) + dot(f1_13, vec4(-.65,.01,.48,.33)) + dot(f1_14, vec4(-.35,-.06,-.14,-.02)) + dot(f1_15, vec4(-.64,-.67,.23,.06)) + -.00;
    float out3 = dot(f1_0, vec4(2.06,.11,.78,-4.21)) + dot(f1_1, vec4(-.80,.10,-.27,.07)) + dot(f1_2, vec4(-.11,-.26,-.08,1.16)) + dot(f1_3, vec4(.67,.13,-.94,.11)) + dot(f1_4, vec4(-.14,-.04,-.10,-.72)) + dot(f1_5, vec4(-.16,.66,.27,1.24)) + dot(f1_6, vec4(.01,-5.15,-.08,.47)) + dot(f1_7, vec4(-.30,1.96,.04,1.22)) + dot(f1_8, vec4(-.03,-.40,-.29,-.04)) + dot(f1_9, vec4(2.05,-.11,-.25,2.32)) + dot(f1_10, vec4(-.22,-.02,-1.93,-.56)) + dot(f1_11, vec4(2.68,1.37,-.23,-.16)) + dot(f1_12, vec4(-.23,1.19,-.25,-.55)) + dot(f1_13, vec4(.37,.04,.91,-1.72)) + dot(f1_14, vec4(-.52,.69,-.03,6.00)) + dot(f1_15, vec4(-.77,-.07,1.19,-.10)) + .67;
    return vec4(out0, out1, out2, out3);
}
